11:27:18,953550
11:27:19,967891
11:27:20,968705
11:27:21,974043
11:27:22,982358
11:27:23,986661
11:27:24,989985
11:27:25,996261
11:27:27,002631
11:27:28,017767
11:27:29,032027
11:27:30,032949
11:27:31,047450
11:27:32,048800
11:27:33,050095
11:27:34,050461
11:27:35,063738
11:27:36,067054
11:27:37,072338
11:27:38,075682
11:27:39,076520
11:27:40,088821
11:27:41,103112
11:27:42,111405
11:27:43,113709
11:27:44,122096
11:27:45,126411
11:27:46,126735
11:27:47,142020
11:27:48,143370
11:27:49,157630
11:27:50,172915
11:27:51,188200
11:27:52,191517
11:27:53,206802
11:27:54,221090
11:27:55,223594
11:27:56,235888
11:27:57,237182
11:27:58,252484
11:27:59,261558
11:28:00,268894
11:28:01,282149
11:28:02,284204
11:28:03,292507
11:28:04,298817
11:28:05,309142
11:28:06,315424
11:28:07,329747
11:28:08,333066
11:28:09,347344
11:28:10,362628
11:28:11,363552
11:28:12,378837
11:28:13,381523
11:28:14,392810
11:28:15,408067
11:28:16,423379
11:28:17,424702
11:28:18,426994
0,0
4,7
16,4
32,2
32,8
32,3
32,8
37,2
34,2
34,2
34,2
34,6
31,9
33,1
32,8
33,2
32,7
37,0
32,8
32,4
32,0
35,7
34,4
34,9
34,0
32,8
33,1
36,7
33,1
33,5
33,1
33,1
33,5
32,3
33,5
32,3
33,5
36,4
32,8
33,8
32,6
38,1
35,0
32,8
33,2
34,5
33,5
47,5
33,1
33,1
35,2
31,8
32,0
31,5
32,3
37,3
58,1
40,6
32,4
33,2
0
0
0
982
980
982
981
981
982
981
981
982
982
980
982
981
981
982
981
981
982
981
981
982
981
981
982
981
970
1009
981
981
982
981
981
982
981
981
982
981
981
982
981
981
982
981
981
982
981
981
982
981
981
982
981
981
982
981
981
982
